*Vertices 195
1 "1" 946.8192 705.1653 0.0
2 "2" -1097.55 -1166.3116 0.0
3 "3" -819.4627 1529.4845 0.0
4 "4" -1520.2603 -211.21309 0.0
5 "5" -1213.9817 189.76877 0.0
6 "6" -1460.4176 -610.15607 0.0
7 "7" -1406.2972 -348.3759 0.0
8 "8" 1225.8307 2498.835 0.0
9 "9" -326.96924 1306.0277 0.0
10 "10" 2478.7783 -1637.1354 0.0
11 "11" 1990.1069 4814.7554 0.0
12 "12" -1293.32 1636.132 0.0
13 "13" -1667.7974 -718.59503 0.0
14 "14" 1163.7922 2811.1467 0.0
15 "15" -625.51215 -1880.7876 0.0
16 "16" 1887.0851 -1210.1653 0.0
17 "17" -628.7074 1576.694 0.0
18 "18" 1158.455 2795.1384 0.0
19 "19" 725.897 -1088.709 0.0
20 "20" -1678.3744 -905.7052 0.0
21 "21" -1902.4264 -964.0263 0.0
22 "22" 816.13794 2494.7173 0.0
23 "23" -387.6527 1510.4642 0.0
24 "24" -1091.5364 -1324.0847 0.0
25 "25" -1334.042 127.35669 0.0
26 "26" 776.4656 2471.1606 0.0
27 "27" -1415.1512 -934.4717 0.0
28 "28" -1479.9518 -2314.6394 0.0
29 "29" -1109.7119 1585.2004 0.0
30 "30" 2407.1826 -1447.9998 0.0
31 "31" -701.4165 -2030.538 0.0
32 "32" 1877.3 -1171.736 0.0
33 "33" 1732.4221 -1070.3341 0.0
34 "34" 1684.4053 -1517.8643 0.0
35 "35" -1195.2776 -1754.9669 0.0
36 "36" 2495.4475 -1807.27 0.0
37 "37" -1515.9355 -2377.5598 0.0
38 "38" -1678.7117 -83.87044 0.0
39 "39" 876.0696 2429.2903 0.0
40 "40" -1463.7657 -151.36629 0.0
41 "41" 1646.6879 -443.69556 0.0
42 "42" 1957.3682 4731.801 0.0
43 "43" -504.00284 1626.5581 0.0
44 "44" 1759.8175 2604.4036 0.0
45 "45" -1070.3541 -849.237 0.0
46 "46" 1482.4948 -878.6477 0.0
47 "47" 2527.55 -1543.8896 0.0
48 "48" 1805.0311 -1134.5792 0.0
49 "49" 1702.5648 -368.08664 0.0
50 "50" 1888.6086 -1265.2101 0.0
51 "51" -2347.8975 -860.5412 0.0
52 "52" 2513.0818 -1568.624 0.0
53 "53" -379.96637 1882.0464 0.0
54 "54" 12.483998 -910.03 0.0
55 "55" -1298.9844 1689.6998 0.0
56 "56" -639.14575 -636.8739 0.0
57 "57" 2586.425 -1624.209 0.0
58 "58" -515.2129 1649.0659 0.0
59 "59" -286.3835 -2216.0059 0.0
60 "60" 1724.3406 2645.3518 0.0
61 "61" -1349.5844 1624.5541 0.0
62 "62" 3223.8452 -2434.0742 0.0
63 "63" -373.12662 1937.46 0.0
64 "64" -1265.3267 1646.3097 0.0
65 "65" -3905.116 1075.3013 0.0
66 "66" 2537.7751 -1623.1412 0.0
67 "67" -45.186234 11.692051 0.0
68 "68" 1964.2158 -231.94374 0.0
69 "69" 671.58234 2450.1128 0.0
70 "70" -364.4233 1900.6321 0.0
71 "71" -1360.7368 287.46683 0.0
72 "72" -1493.6431 3311.5583 0.0
73 "73" 938.0765 702.12244 0.0
74 "74" -808.6486 1518.6743 0.0
75 "75" -1647.5702 -717.5759 0.0
76 "76" -1223.3728 157.98367 0.0
77 "77" 1659.0905 -391.31128 0.0
78 "78" -1417.4033 -585.16406 0.0
79 "79" -1508.5286 -151.30331 0.0
80 "80" 786.22375 2444.2954 0.0
81 "81" -355.7218 1855.7025 0.0
82 "82" -1339.1852 -955.5567 0.0
83 "83" -639.734 -1845.1337 0.0
84 "84" -18.522787 44.89856 0.0
85 "85" -303.03796 1267.3522 0.0
86 "86" 1790.5815 -1244.4175 0.0
87 "87" -1064.8993 -1330.0884 0.0
88 "88" 2479.1091 -1793.5366 0.0
89 "89" -1092.872 -1115.9016 0.0
90 "90" 1217.557 2494.759 0.0
91 "91" -1363.3328 -219.20503 0.0
92 "92" 891.79956 2418.6448 0.0
93 "93" 730.0175 -1080.957 0.0
94 "94" 1951.7583 4717.6562 0.0
95 "95" -1471.5745 -2299.842 0.0
96 "96" -1204.546 1575.4066 0.0
97 "97" -1694.6049 -879.0441 0.0
98 "98" 1663.4403 -1210.2582 0.0
99 "99" 1147.3076 2762.0427 0.0
100 "100" 1659.2343 -1513.7256 0.0
101 "101" -272.3419 -2219.8035 0.0
102 "102" 1719.8082 2638.2131 0.0
103 "103" 2447.6023 -1582.3907 0.0
104 "104" -493.12357 1608.2477 0.0
105 "105" -1191.5758 -1747.9165 0.0
106 "106" 1468.2783 -893.14154 0.0
107 "107" 676.3084 2434.125 0.0
108 "108" -699.7671 -2018.706 0.0
109 "109" -14.517243 -900.64923 0.0
110 "110" 3243.7698 -2451.2478 0.0
111 "111" -1391.3973 -1811.6428 0.0
112 "112" 1994.2198 4825.1895 0.0
113 "113" 1955.1829 -235.77489 0.0
114 "114" -3896.7795 1072.4427 0.0
115 "115" -1884.2806 -961.6793 0.0
116 "116" -680.73065 -715.51135 0.0
117 "117" 1751.9219 2602.8845 0.0
118 "118" -1030.5656 29.225407 0.0
119 "119" -696.7464 -1599.2522 0.0
120 "120" 1591.788 -1295.3939 0.0
121 "121" 1690.9357 2592.7834 0.0
122 "122" 75.96501 1639.4855 0.0
123 "123" 3281.8933 -2484.195 0.0
124 "124" 949.428 2328.5332 0.0
125 "125" -1229.7986 -180.62737 0.0
126 "126" -1251.0704 -552.87384 0.0
127 "127" -120.32134 1249.7874 0.0
128 "128" -913.27466 -1313.0564 0.0
129 "129" -935.0056 1116.6648 0.0
130 "130" 1317.8981 -1298.8925 0.0
131 "131" -858.33417 -1101.1488 0.0
132 "132" 743.79584 2326.041 0.0
133 "133" 900.7061 689.03046 0.0
134 "134" -109.37333 -860.6737 0.0
135 "135" 1294.4038 -952.6015 0.0
136 "136" 1175.3359 2473.963 0.0
137 "137" 803.09033 -1073.8492 0.0
138 "138" -1144.7577 1416.0873 0.0
139 "139" 1439.9576 -82.31516 0.0
140 "140" -1339.4525 -789.1159 0.0
141 "141" 2378.6262 -1716.906 0.0
142 "142" 67.13002 147.2114 0.0
143 "143" -3872.9348 1064.1166 0.0
144 "144" 1134.0282 2660.8066 0.0
145 "145" -701.9132 -840.6194 0.0
146 "146" -472.72534 -695.4528 0.0
147 "147" 1331.6556 44.205254 0.0
148 "148" -545.172 -1161.5955 0.0
149 "149" -747.28754 -7.3369823 0.0
150 "150" -467.91592 101.45271 0.0
151 "151" 1135.6512 -1206.332 0.0
152 "152" -699.1119 -385.64285 0.0
153 "153" 61.254417 1072.3912 0.0
154 "154" 1416.9722 -1207.9102 0.0
155 "155" -802.2674 548.7364 0.0
156 "156" 1167.1875 -991.67303 0.0
157 "157" -666.3599 -993.0084 0.0
158 "158" 734.5022 2065.1082 0.0
159 "159" -290.2027 -943.3681 0.0
160 "160" 123.563576 206.10748 0.0
161 "161" 851.40704 671.92334 0.0
162 "162" 1966.1307 -1511.7184 0.0
163 "163" 139.16399 1064.4136 0.0
164 "164" 247.85124 1508.8041 0.0
165 "165" 1017.6537 2159.1445 0.0
166 "166" 3468.0632 -2645.629 0.0
167 "167" -3844.109 1053.7805 0.0
168 "168" 171.30286 46.915955 0.0
169 "169" 885.9582 -733.82556 0.0
170 "170" -123.79449 -381.73157 0.0
171 "171" 642.49725 1482.6293 0.0
172 "172" -232.39902 -50.072964 0.0
173 "173" 403.73373 874.161 0.0
174 "174" 798.7731 653.7314 0.0
175 "175" 568.5688 426.3622 0.0
176 "176" 1240.7444 140.11559 0.0
177 "177" 234.65155 967.4328 0.0
178 "178" 557.79376 500.41174 0.0
179 "179" 241.77823 312.604 0.0
180 "180" 3507.4106 -2694.2395 0.0
181 "181" -3848.6033 924.4509 0.0
182 "182" -3744.7307 1017.3938 0.0
183 "183" 3567.0034 -2713.594 0.0
184 "184" 361.37982 277.20334 0.0
185 "185" 614.8713 719.1599 0.0
186 "186" 155.50356 -156.24057 0.0
187 "187" 347.93506 -224.54047 0.0
188 "188" 234.39273 149.8623 0.0
189 "189" 356.13068 399.68942 0.0
190 "190" 677.9446 557.0479 0.0
191 "191" 1117.5566 257.9924 0.0
192 "192" 560.1697 431.8543 0.0
193 "193" 3518.8914 -2709.1792 0.0
194 "194" -3696.4358 999.609 0.0
195 "195" 281.82147 -24.210052 0.0
*Arcs
73 1 0.39075
87 2 0.051872
89 2 0.31894
74 3 0.27157
78 4 0.016061
79 4 0.35887
89 4 0.015638
76 5 0.23215
85 5 0.012346
91 5 0.040942
75 6 0.013164
78 6 0.33851
82 6 0.010306
75 7 0.052037
78 7 0.02363
89 7 0.026512
91 7 0.31526
90 8 0.37899
23 9 0.010791
85 9 0.13345
30 10 0.075949
36 10 0.010687
88 10 0.041451
103 10 0.14488
42 11 0.030387
112 11 0.3617
64 12 0.094103
96 12 0.050488
75 13 0.35339
18 14 0.23506
99 14 0.069967
59 15 0.012771
83 15 0.40704
108 15 0.012907
32 16 0.26279
48 16 0.040938
50 16 0.090825
86 16 0.11843
74 17 0.17749
104 17 0.2685
14 18 0.23506
99 18 0.30878
93 19 0.42779
75 20 0.021928
82 20 0.035859
97 20 0.3285
75 21 0.012536
97 21 0.011858
115 21 0.35641
80 22 0.23633
99 22 0.017851
9 23 0.010791
53 23 0.021803
81 23 0.020794
85 23 0.11436
104 23 0.10548
82 24 0.02073
87 24 0.37759
76 25 0.063213
79 25 0.019654
80 26 0.12415
75 27 0.013914
78 27 0.032779
82 27 0.30272
97 27 0.011719
37 28 0.015123
95 28 0.43805
64 29 0.012801
74 29 0.058947
96 29 0.18118
10 30 0.075949
47 30 0.018667
77 30 0.023936
103 30 0.10163
108 31 0.40094
16 32 0.26279
33 32 0.078431
48 32 0.017819
86 32 0.060711
32 33 0.078431
48 33 0.067366
77 33 0.03401
86 33 0.09361
98 33 0.17159
106 33 0.072605
98 34 0.026944
100 34 0.39715
103 34 0.01547
105 35 0.45042
10 36 0.010687
88 36 0.3414
28 37 0.015123
95 37 0.033773
79 38 0.015733
80 39 0.09943
92 39 0.39451
79 40 0.075197
91 40 0.049659
77 41 0.25299
106 41 0.026977
11 42 0.030387
94 42 0.4816
104 43 0.16388
117 44 0.4507
56 45 0.028571
82 45 0.082121
116 45 0.015464
106 46 0.15191
30 47 0.018667
52 47 0.08
103 47 0.11133
16 48 0.040938
32 48 0.017819
33 48 0.067366
98 48 0.073964
77 49 0.24629
113 49 0.02027
16 50 0.090825
86 50 0.081283
98 50 0.011486
75 51 0.0029595
47 52 0.08
103 52 0.11685
23 53 0.021803
63 53 0.023408
70 53 0.13952
81 53 0.30892
93 54 0.01369
109 54 0.41326
64 55 0.078082
96 55 0.02327
45 56 0.028571
67 56 0.011905
84 56 0.020115
116 56 0.23529
103 57 0.022926
104 58 0.066302
15 59 0.012771
101 59 0.40762
102 60 0.40933
96 61 0.018394
88 62 0.013115
110 62 0.3991
53 63 0.023408
81 63 0.07756
12 64 0.094103
29 64 0.012801
55 64 0.078082
96 64 0.21861
114 65 0.38235
103 66 0.032931
56 67 0.011905
84 67 0.25
113 68 0.4
80 69 0.014791
107 69 0.2806
53 70 0.13952
81 70 0.10758
76 71 0.010725
104 72 4.7672E-4
1 73 0.39075
133 73 0.17834
3 74 0.27157
17 74 0.17749
29 74 0.058947
96 74 0.027617
129 74 0.07883
6 75 0.013164
7 75 0.052037
13 75 0.35339
20 75 0.021928
21 75 0.012536
27 75 0.013914
51 75 0.0029595
118 75 0.012838
131 75 0.028582
140 75 0.051436
5 76 0.23215
25 76 0.063213
71 76 0.010725
118 76 0.12897
30 77 0.023936
33 77 0.03401
41 77 0.25299
49 77 0.24629
139 77 0.141
4 78 0.016061
6 78 0.33851
7 78 0.02363
27 78 0.032779
118 78 0.021432
125 78 0.015314
126 78 0.16062
131 78 0.026748
4 79 0.35887
25 79 0.019654
38 79 0.015733
40 79 0.075197
118 79 0.039953
125 79 0.084217
126 79 0.016389
22 80 0.23633
26 80 0.12415
39 80 0.09943
69 80 0.014791
122 80 0.010299
132 80 0.19773
23 81 0.020794
53 81 0.30892
63 81 0.07756
70 81 0.10758
127 81 0.038265
6 82 0.010306
20 82 0.035859
24 82 0.02073
27 82 0.30272
45 82 0.082121
126 82 0.043103
128 82 0.01903
145 82 0.011351
15 83 0.40704
108 83 0.013074
119 83 0.1098
56 84 0.020115
67 84 0.25
142 84 0.18679
5 85 0.012346
9 85 0.13345
23 85 0.11436
118 85 0.016643
127 85 0.2464
16 86 0.11843
32 86 0.060711
33 86 0.09361
50 86 0.081283
98 86 0.046085
120 86 0.12689
130 86 0.025954
2 87 0.051872
24 87 0.37759
119 87 0.016775
128 87 0.12391
10 88 0.041451
36 88 0.3414
62 88 0.013115
141 88 0.20894
2 89 0.31894
4 89 0.015638
7 89 0.026512
118 89 0.017906
119 89 0.039803
128 89 0.023
131 89 0.10928
8 90 0.37899
136 90 0.19048
5 91 0.040942
7 91 0.31526
40 91 0.049659
118 91 0.063841
125 91 0.11034
126 91 0.01041
39 92 0.39451
124 92 0.085466
19 93 0.42779
54 93 0.01369
137 93 0.16161
42 94 0.4816
112 94 0.0084034
144 94 0.0035503
28 95 0.43805
37 95 0.033773
128 95 0.016285
12 96 0.050488
29 96 0.18118
55 96 0.02327
61 96 0.018394
64 96 0.21861
74 96 0.027617
129 96 0.014621
138 96 0.15343
20 97 0.3285
21 97 0.011858
27 97 0.011719
125 97 0.02176
126 97 0.021233
33 98 0.17159
34 98 0.026944
48 98 0.073964
50 98 0.011486
86 98 0.046085
120 98 0.02592
130 98 0.13903
14 99 0.069967
18 99 0.30878
22 99 0.017851
136 99 0.031496
144 99 0.16468
34 100 0.39715
130 100 0.035809
59 101 0.40762
130 101 0.0031328
60 102 0.40933
121 102 0.11875
10 103 0.14488
30 103 0.10163
34 103 0.01547
47 103 0.11133
52 103 0.11685
57 103 0.022926
66 103 0.032931
120 103 0.032135
141 103 0.088046
17 104 0.2685
23 104 0.10548
43 104 0.16388
58 104 0.066302
72 104 4.7672E-4
122 104 0.095749
35 105 0.45042
131 105 0.012577
33 106 0.072605
41 106 0.026977
46 106 0.15191
130 106 0.013658
135 106 0.1366
69 107 0.2806
132 107 0.05736
15 108 0.012907
31 108 0.40094
83 108 0.013074
119 108 0.030842
54 109 0.41326
134 109 0.12273
62 110 0.3991
123 110 0.1697
131 111 0.0025025
11 112 0.3617
94 112 0.0084034
49 113 0.02027
68 113 0.4
139 113 0.0016639
65 114 0.38235
143 114 0.23469
21 115 0.35641
140 115 0.014953
45 116 0.015464
56 116 0.23529
145 116 0.10526
44 117 0.4507
121 117 0.10169
75 118 0.012838
76 118 0.12897
78 118 0.021432
79 118 0.039953
85 118 0.016643
89 118 0.017906
91 118 0.063841
125 118 0.011896
146 118 0.014443
150 118 0.1586
152 118 0.014512
83 119 0.1098
87 119 0.016775
89 119 0.039803
108 119 0.030842
128 119 0.013781
131 119 0.013062
148 119 0.11524
86 120 0.12689
98 120 0.02592
103 120 0.032135
130 120 0.053982
154 120 0.24985
162 120 0.015089
102 121 0.11875
117 121 0.10169
165 121 0.026279
80 122 0.010299
104 122 0.095749
158 122 0.025331
164 122 0.19228
110 123 0.1697
166 123 0.029703
92 124 0.085466
132 124 0.012943
136 124 0.039024
144 124 0.018993
158 124 0.079706
165 124 0.072943
78 125 0.015314
79 125 0.084217
91 125 0.11034
97 125 0.02176
118 125 0.011896
126 125 0.016715
149 125 0.081231
150 125 0.023354
152 125 0.017475
78 126 0.16062
79 126 0.016389
82 126 0.043103
91 126 0.01041
97 126 0.021233
125 126 0.016715
131 126 0.010324
149 126 0.012018
152 126 0.079143
81 127 0.038265
85 127 0.2464
150 127 0.010476
153 127 0.12931
163 127 0.07012
164 127 0.049911
82 128 0.01903
87 128 0.12391
89 128 0.023
95 128 0.016285
119 128 0.013781
131 128 0.011934
148 128 0.026406
157 128 0.14886
74 129 0.07883
96 129 0.014621
138 129 0.042705
149 129 0.012952
155 129 0.085106
86 130 0.025954
98 130 0.13903
100 130 0.035809
101 130 0.0031328
106 130 0.013658
120 130 0.053982
146 130 0.012278
151 130 0.19483
154 130 0.048923
156 130 0.028432
159 130 0.012935
75 131 0.028582
78 131 0.026748
89 131 0.10928
105 131 0.012577
111 131 0.0025025
119 131 0.013062
126 131 0.010324
128 131 0.011934
146 131 0.026387
148 131 0.054616
155 131 0.010717
159 131 0.07463
80 132 0.19773
107 132 0.05736
124 132 0.012943
158 132 0.14292
73 133 0.17834
161 133 0.1895
109 134 0.12273
146 134 0.052583
106 135 0.1366
151 135 0.010607
156 135 0.19263
90 136 0.19048
99 136 0.031496
124 136 0.039024
144 136 0.020311
165 136 0.063344
93 137 0.16161
156 137 0.038885
96 138 0.15343
129 138 0.042705
155 138 0.010587
77 139 0.141
113 139 0.0016639
147 139 0.22776
75 140 0.051436
115 140 0.014953
146 140 0.036569
88 141 0.20894
103 141 0.088046
162 141 0.06302
84 142 0.18679
160 142 0.2766
114 143 0.23469
167 143 0.21569
94 144 0.0035503
99 144 0.16468
124 144 0.018993
136 144 0.020311
158 144 0.01517
165 144 0.047659
82 145 0.011351
116 145 0.10526
157 145 0.09436
118 146 0.014443
130 146 0.012278
131 146 0.026387
134 146 0.052583
140 146 0.036569
149 146 0.017038
150 146 0.028456
139 147 0.22776
176 147 0.25134
119 148 0.11524
128 148 0.026406
131 148 0.054616
152 148 0.027429
157 148 0.049556
159 148 0.08729
170 148 0.035842
125 149 0.081231
126 149 0.012018
129 149 0.012952
146 149 0.017038
150 149 0.039202
152 149 0.042172
155 149 0.026325
172 149 0.05
118 150 0.1586
125 150 0.023354
127 150 0.010476
146 150 0.028456
149 150 0.039202
153 150 0.033321
168 150 0.080485
170 150 0.010104
172 150 0.079996
130 151 0.19483
135 151 0.010607
154 151 0.061094
156 151 0.028164
159 151 0.025103
169 151 0.019159
118 152 0.014512
125 152 0.017475
126 152 0.079143
148 152 0.027429
149 152 0.042172
157 152 0.01158
170 152 0.057634
172 152 0.036296
127 153 0.12931
150 153 0.033321
163 153 0.048374
165 153 0.014444
173 153 0.079589
177 153 0.02472
120 154 0.24985
130 154 0.048923
151 154 0.061094
156 154 0.031323
162 154 0.030335
169 154 0.080514
129 155 0.085106
131 155 0.010717
138 155 0.010587
149 155 0.026325
159 155 0.023744
170 155 0.018545
130 156 0.028432
135 156 0.19263
137 156 0.038885
151 156 0.028164
154 156 0.031323
169 156 0.06451
128 157 0.14886
145 157 0.09436
148 157 0.049556
152 157 0.01158
170 157 0.035062
179 157 0.010913
122 158 0.025331
124 158 0.079706
132 158 0.14292
144 158 0.01517
164 158 0.011272
165 158 0.033822
171 158 0.10877
130 159 0.012935
131 159 0.07463
148 159 0.08729
151 159 0.025103
155 159 0.023744
170 159 0.026238
142 160 0.2766
179 160 0.20928
133 161 0.1895
174 161 0.29394
120 162 0.015089
141 162 0.06302
154 162 0.030335
169 162 0.020444
127 163 0.07012
153 163 0.048374
173 163 0.015145
177 163 0.14678
122 164 0.19228
127 164 0.049911
158 164 0.011272
171 164 0.095191
173 164 0.017528
174 164 0.011189
179 164 0.011245
121 165 0.026279
124 165 0.072943
136 165 0.063344
144 165 0.047659
153 165 0.014444
158 165 0.033822
171 165 0.081016
123 166 0.029703
180 166 0.059211
183 166 0.025316
143 167 0.21569
182 167 0.061538
150 168 0.080485
169 168 0.030601
172 168 0.0237
173 168 0.031104
184 168 0.10905
186 168 0.051401
187 168 0.064055
188 168 0.033779
151 169 0.019159
154 169 0.080514
156 169 0.06451
162 169 0.020444
168 169 0.030601
170 169 0.016875
186 169 0.014056
187 169 0.088791
148 170 0.035842
150 170 0.010104
152 170 0.057634
155 170 0.018545
157 170 0.035062
159 170 0.026238
169 170 0.016875
172 170 0.037805
186 170 0.14259
187 170 0.042911
158 171 0.10877
164 171 0.095191
165 171 0.081016
173 171 0.055696
185 171 0.10232
190 171 0.028444
149 172 0.05
150 172 0.079996
152 172 0.036296
168 172 0.0237
170 172 0.037805
186 172 0.048676
188 172 0.039293
153 173 0.079589
163 173 0.015145
164 173 0.017528
168 173 0.031104
171 173 0.055696
177 173 0.049747
178 173 0.017085
184 173 0.046847
185 173 0.16186
161 174 0.29394
164 174 0.011189
179 174 0.01665
190 174 0.14997
192 175 0.31217
147 176 0.25134
191 176 0.2331
153 177 0.02472
163 177 0.14678
173 177 0.049747
185 177 0.028851
189 177 0.021988
173 178 0.017085
185 178 0.011516
192 178 0.10999
157 179 0.010913
160 179 0.20928
164 179 0.011245
174 179 0.01665
189 179 0.13868
190 179 0.070228
166 180 0.059211
193 180 0.23176
194 181 0.0056818
167 182 0.061538
194 182 0.17766
166 183 0.025316
193 183 0.025
168 184 0.10905
173 184 0.046847
185 184 0.091517
188 184 0.015801
195 184 0.116
171 185 0.10232
173 185 0.16186
177 185 0.028851
178 185 0.011516
184 185 0.091517
189 185 0.011435
190 185 0.01753
191 185 0.075469
195 185 0.02101
168 186 0.051401
169 186 0.014056
170 186 0.14259
172 186 0.048676
187 186 0.06859
188 186 0.018332
195 186 0.22706
168 187 0.064055
169 187 0.088791
170 187 0.042911
186 187 0.06859
195 187 0.1819
168 188 0.033779
172 188 0.039293
184 188 0.015801
186 188 0.018332
189 188 0.089837
195 188 0.080868
177 189 0.021988
179 189 0.13868
185 189 0.011435
188 189 0.089837
190 189 0.075
171 190 0.028444
174 190 0.14997
179 190 0.070228
185 190 0.01753
189 190 0.075
191 190 0.03624
176 191 0.2331
185 191 0.075469
190 191 0.03624
175 192 0.31217
178 192 0.10999
195 192 0.015927
180 193 0.23176
183 193 0.025
195 193 0.0010472
181 194 0.0056818
182 194 0.17766
195 194 0.0041797
184 195 0.116
185 195 0.02101
186 195 0.22706
187 195 0.1819
188 195 0.080868
192 195 0.015927
193 195 0.0010472
194 195 0.0041797
